889 601
333 276
25 936 858 751
922 353 732 212
912 226 96 555
46 754 598 419
309 738 762 284
899 736 376 323
577 180 404 385
546 304 450 406
904 341 303 889
978 421 828 31
341 635 559 616
730 519 961 50
428 361 925 425
318 697 461 521
797 227 550 68
302 990 941 319
289 355 825 416
212 961 171 865
802 32 826 627
252 893 933 888
463 454 659 321
230 460 552 397
313 101 408 559
111 414 274 995
94 964 352 48
165 117 311 61
235 909 592 507
583 161 31 675
168 387 312 794
723 181 809 602
952 172 946 93
724 328 780 588
922 308 973 441
542 525 630 744
243 119 642 58
337 581 203 678
287 745 33 858
749 330 604 822
770 251 178 550
16 813 585 779
315 16 243 731
348 42 950 617
585 501 12 218
452 858 384 761
329 229 56 382
145 150 478 197
682 533 87 799
827 579 852 658
350 308 299 746
549 173 383 341
320 729 497 255
758 590 706 124
679 554 744 417
463 856 315 979
938 710 155 59
535 909 663 191
474 146 550 131
186 416 459 220
409 208 517 982
939 9 148 483
702 988 853 947
400 286 560 781
789 549 86 352
518 805 586 404
156 771 705 794
212 206 537 112
5 478 678 531
996 719 415 421
587 401 194 937
329 131 12 915
41 97 416 573
100 137 787 262
302 972 894 44
94 54 365 395
918 904 228 150
1000 451 25 988
957 913 563 85
68 281 676 593
674 716 834 867
643 846 393 337
804 620 452 799
748 241 544 459
947 290 596 505
842 630 504 881
556 685 430 86
355 588 835 75
552 21 660 105
234 796 873 917
266 710 832 454
587 920 674 961
115 631 689 473
929 42 991 193
634 516 564 11
239 561 603 930
162 106 634 817
102 820 898 648
601 572 47 325
70 254 947 688
565 271 229 842
480 400 585 302
843 672 36 521
694 616 812 127
193 148 766 193
59 212 680 708
763 985 630 578
425 415 306 482
504 243 644 459
290 447 132 566
31 347 805 629
637 184 21 501
997 951 910 273
196 18 991 237
9 219 713 105
208 206 658 644
236 688 388 763
705 650 626 1000
15 233 207 749
308 232 311 866
590 632 896 736
384 102 740 759
156 550 762 408
144 618 792 514
903 677 875 517
321 95 835 316
349 608 887 228
285 73 693 422
641 724 253 154
807 596 595 395
416 505 805 979
809 437 286 920
737 812 289 603
146 18 110 626
49 559 928 131
643 128 203 94
579 754 53 137
297 773 648 534
285 507 991 146
237 576 498 643
444 738 247 165
272 954 500 48
835 107 353 643
908 565 408 288
551 57 576 847
168 692 467 219
948 863 143 981
653 73 583 867
229 452 425 777
372 979 767 153
832 266 14 820
774 700 763 10
584 227 285 495
67 646 781 918
978 123 392 665
960 888 754 475
17 813 354 102
208 709 293 382
861 422 174 392
19 174 900 955
7 568 448 800
819 258 554 332
796 172 738 926
362 382 115 544
475 873 42 739
526 973 89 683
3 408 913 388
610 412 841 167
855 758 824 240
754 499 297 948
629 477 687 277
962 814 451 514
745 881 106 578
623 648 920 709
44 792 768 345
769 854 229 184
723 590 805 746
674 679 751 664
626 578 10 851
633 208 954 913
568 988 737 119
560 227 727 31
786 445 740 733
667 578 661 215
558 788 546 285
198 615 820 868
779 879 139 337
54 780 203 375
754 772 634 554
297 830 68 92
265 565 369 241
923 510 618 943
976 772 752 663
848 291 699 860
630 181 466 417
322 156 597 327
392 139 671 798
114 637 282 432
433 675 800 516
413 801 697 833
748 678 950 565
31 598 600 661
415 89 60 528
586 650 858 398
820 929 519 497
662 960 385 699
810 994 388 286
739 962 826 354
700 988 143 966
575 312 731 974
326 727 799 584
804 669 370 799
12 201 952 336
958 900 12 366
15 135 833 460
926 654 888 334
75 233 546 279
806 237 89 955
147 724 508 330
780 521 569 964
795 950 654 257
978 955 815 111
457 642 575 618
620 773 208 595
457 870 593 678
829 878 39 874
567 56 974 943
462 862 637 747
73 782 267 680
203 275 94 667
659 204 491 704
372 675 20 196
826 532 849 672
565 601 334 649
183 56 234 640
517 921 603 641
597 248 151 390
579 806 923 803
831 721 319 724
585 294 612 135
875 546 462 164
495 488 156 641
99 792 41 13
813 989 217 202
418 301 308 160
298 48 635 230
717 569 550 492
666 183 191 139
554 272 644 412
698 191 987 676
263 447 176 406
941 595 294 259
884 526 942 70
481 29 869 171
340 503 659 478
964 425 464 750
681 207 486 544
15 941 388 868
666 57 971 888
832 477 756 824
410 485 947 988
947 972 846 790
770 97 443 965
370 209 611 67
583 886 63 573
564 915 925 897
412 580 568 208
388 68 179 176
656 574 384 366
97 412 867 973
204 123 666 744
966 25 583 502
298 178 601 983
796 395 436 808
4 406 303 124
452 53 560 873
63 59 819 142
243 720 328 297
997 116 849 83
32 963 330 824
339 595 985 202
387 466 809 649
111 315 8 113
32 346 220 184
413 278 121 111
53 920 784 279
490 726 706 495
379 456 842 500
442 68 212 173
551 708 973 941
338 489 816 953
698 382 770 36
792 361 967 757
739 168 391 214
729 425 352 525
557 640 328 204
889 880 762 334
258 518 605 293
430 14 263 982
741 197 149 463
472 312 124 105
461 342 535 682
349 339 117 921
824 839 481 838
828 705 905 534
316 513 405 394
88 77 807 356
38 767 535 716
877 814 2 898
963 327 85 168
340 686 487 431
894 193 17 350
564 223 547 528
873 924 262 228
533 861 525 433
681 819 527 391
24 741 736 920
757 657 336 246
406 869 612 577
703 729 252 17
1 811 550 152
320 293 216 401
962 980 276 221
518 406 24 91
542 190 387 162
947 366 635 597
131 793 701 918
365 348 427 636
888 777 207 298
169 145 775 958
441 803 688 20
24 814 23 152
762 257 65 231
418 996 113 84
258 854 180 471
